   3.3815627e+00   3.3891127e+00
   4.5278754e+00   5.8541781e+00
   2.6556819e+00   4.4119947e+00
   2.7652347e+00   3.7154136e+00
   2.8465601e+00   4.1755064e+00
   3.8906720e+00   6.4883809e+00
   3.4758052e+00   3.6328488e+00
   5.9112984e+00   6.6807685e+00
   3.9288940e+00   5.0984466e+00
   4.5618354e+00   5.6232993e+00
   4.5740717e+00   5.3976507e+00
   4.3717336e+00   5.4611655e+00
   4.1916939e+00   4.9546936e+00
   5.2440852e+00   4.6614877e+00
   2.8358402e+00   3.7680172e+00
   5.6352697e+00   6.3121144e+00
   4.6863297e+00   5.6652411e+00
   2.8505134e+00   4.6264563e+00
   5.1101573e+00   7.3631966e+00
   5.1825638e+00   4.6465091e+00
   5.7073281e+00   6.6810399e+00
   3.5796846e+00   4.8027807e+00
   5.6393777e+00   6.1204359e+00
   4.2634685e+00   4.6894290e+00
   2.5365169e+00   3.8844908e+00
   3.2238290e+00   4.9425559e+00
   4.9294880e+00   5.9550197e+00
   5.7929577e+00   5.1083931e+00
   2.8168482e+00   4.8189577e+00
   3.8888241e+00   5.1003656e+00
   3.3432342e+00   5.8930135e+00
   5.8797341e+00   5.5214166e+00
   3.1039191e+00   3.8571024e+00
   5.3315057e+00   4.6807423e+00
   3.3754269e+00   4.5653785e+00
   4.7766789e+00   6.2543504e+00
   2.6757463e+00   3.7309699e+00
   5.5002767e+00   5.6794811e+00
   1.7970971e+00   3.2475389e+00
   4.3225147e+00   5.1111047e+00
   4.4210044e+00   6.0256398e+00
   3.1792989e+00   4.4368603e+00
   3.0335412e+00   3.9787928e+00
   4.6093482e+00   5.8797920e+00
   2.9637886e+00   3.3002483e+00
   3.9717625e+00   5.4077374e+00
   1.1802332e+00   2.8786941e+00
   1.9189505e+00   5.0710785e+00
   3.9552469e+00   4.5053271e+00
   5.1179550e+00   6.0850739e+00
