   8.5140314e-01  -4.7312998e-01
  -1.4338552e-02   6.8971242e-01
  -2.2594146e-02  -2.8425637e-01
  -6.1004097e-02  -1.2528824e+00
   1.8011723e+00  -4.3953095e-02
  -2.3199058e-01  -4.3215226e-01
   4.5100566e-01   5.0944829e-01
  -3.3230744e-01   3.5718890e-01
   1.2115661e+00  -9.8215861e-01
  -3.1335518e-01   1.1489274e+00
  -9.2644529e-01   4.3461127e-01
   1.0151757e+00  -1.0829858e+00
  -3.2503473e-01   2.4146660e-01
  -3.3034324e-02  -3.4398255e-01
  -6.7430983e-01   7.8375523e-01
  -3.2854377e-01  -5.3393227e-01
  -9.9127250e-01  -1.2882848e+00
  -4.4059993e-01   9.6684907e-01
  -3.8546707e-01  -8.6361562e-01
   4.6876053e-01  -1.3097460e-01
  -9.4029879e-02  -3.6844896e-01
   2.7812817e-01   1.6697761e-02
   7.5687098e-01  -2.0823821e+00
  -1.0325145e+00  -1.4040966e+00
  -3.3536139e-02   4.5628276e-01
   9.0834159e-01   1.6324556e-01
  -1.1218437e+00   2.1863055e-02
   4.0391497e-01  -1.2450083e+00
   1.6358589e+00   5.2046280e-01
   8.0422756e-01  -1.5942047e+00
  -7.9503565e-02  -5.6721079e-01
  -4.2685273e-01   4.9866360e-02
   1.6709742e-01   1.4084109e-01
   2.3298390e-01  -1.1611017e-01
  -6.2643079e-01   9.0412677e-02
   1.3639693e+00   8.3066329e-01
   6.5098187e-01  -1.0464817e+00
  -1.1512016e-01  -7.7194033e-01
   4.0593511e-04   7.4380796e-01
  -1.5232863e+00   1.4046746e-01
   1.3477760e+00  -7.9848097e-01
  -8.1220284e-01   5.7723192e-02
   1.3300894e+00  -1.2373804e+00
  -1.3062164e+00   6.4647211e-01
   5.0703198e-01   4.4456496e-01
  -3.2293194e-02  -5.5105327e-01
   5.4643838e-01   2.6746555e-01
  -1.1858703e-01   1.2764380e+00
  -6.2604195e-01  -9.5313990e-02
   4.5375535e-01   2.8720684e-01
   9.6966461e-01   5.3814856e-01
   1.2529083e+00   7.2462670e-01
  -5.9314309e-01   1.3138218e+00
  -1.4222238e+00   8.9345613e-01
  -9.2826948e-02   1.4011430e+00
   1.4324052e+00   5.8978086e-01
   4.4863239e-01   3.6085928e-01
  -1.3214517e-02  -3.3731540e-01
   1.6081017e-01   5.4613503e-01
  -5.8436114e-01  -1.5587880e+00
  -6.1729133e-01   6.9923209e-01
   5.1492825e-01  -1.4936483e+00
   1.3863599e-02  -6.4725710e-01
   1.9678456e+00  -5.7282870e-02
   5.1616002e-01  -7.9714573e-01
   1.2909789e+00  -1.4817867e+00
   1.0457446e+00   6.2220718e-01
  -5.4134205e-01   1.0098923e+00
   2.6610946e-01  -1.0964242e+00
  -3.2170699e-01   6.3857749e-01
   1.4057149e+00   1.9042542e+00
  -7.8969995e-01   1.0897074e+00
   1.3863413e-01  -8.1523813e-01
  -8.9715031e-01   7.1833593e-01
  -1.0474330e+00   1.0905754e+00
  -1.2458447e-01   3.1919145e-01
   5.0943460e-01  -1.7801365e-01
  -2.4136350e-01  -1.5820444e+00
  -3.9366788e-01  -7.6765535e-01
   1.4186277e+00  -1.7848811e-02
   6.7347214e-01  -1.4256731e+00
  -8.9084113e-01   6.3766621e-01
   4.2386433e-01   4.7501948e-01
  -2.5999111e-01  -1.0623386e-02
  -1.3008706e-01   1.9706783e-01
   1.1956128e+00   3.6416681e-01
  -1.9496596e+00  -9.5260563e-01
   2.9175186e-01   6.6693265e-01
   1.5844470e+00   1.1731641e+00
  -6.4014355e-01  -7.3549205e-01
   6.0285671e-01   6.2266089e-01
  -5.0203404e-01  -2.3024410e-01
   7.0438785e-01  -2.3293984e-01
  -1.2899753e+00  -3.0045020e-01
  -1.1340926e+00  -4.9061762e-01
  -7.0234445e-01  -8.5860005e-02
   8.7110747e-01  -1.0649658e+00
   8.9724395e-01  -4.3897623e-01
  -5.2737349e-01   3.9492110e-02
  -1.1465080e+00   1.2651212e+00
   5.6791825e-01  -3.5535728e-01
   1.1579962e+00  -7.7696789e-01
  -9.3489608e-01  -5.2146722e-01
  -1.2922866e-01  -1.3970021e+00
   5.0876629e-01  -5.9895844e-01
  -1.9879687e-01  -6.0253640e-01
  -2.4737511e-01   3.0432639e-01
   8.7637011e-01   5.3423591e-01
   4.3255404e-01  -2.4342072e-01
  -1.3874830e+00   1.2751175e+00
  -4.4635567e-01  -2.2640748e+00
   1.7462756e+00  -1.3648541e+00
  -5.1376180e-01   2.3474413e-01
   7.9509994e-01   7.1752132e-01
   2.6841737e-01   6.2655495e-01
   1.8057603e-01   1.2069342e+00
  -7.0411910e-01   6.6661924e-01
   7.4482033e-01  -7.1172901e-01
  -5.0069481e-01  -1.3616607e+00
   1.9837878e+00  -2.5069070e-02
  -6.3467425e-01   3.1359226e-01
   9.4120016e-02  -1.2646943e-01
  -4.2873599e-01  -1.6350957e+00
   1.2892677e-01   1.0992628e-01
   3.8425131e-01   1.1329529e+00
  -1.1372157e+00  -1.7900038e+00
   1.7557380e-02  -6.4322405e-01
   2.1161931e-01   9.8958551e-01
  -7.4307168e-01  -1.4591112e+00
   8.3506998e-01   4.6402087e-01
   4.7850729e-01  -4.3382496e-01
   8.1311951e-01   2.1420575e-01
   4.7624361e-01   1.4632166e+00
  -9.5592675e-02   6.2127437e-01
  -1.2287830e+00  -1.1578467e-01
  -1.5069672e-01   3.3992435e-01
  -9.8036017e-01  -2.9708555e-01
   1.6110700e-01  -5.2986833e-02
  -4.0171173e-01   6.7161515e-02
  -2.9232292e-02  -4.1438958e-01
   4.3477818e-02  -4.5269053e-02
   1.7912308e+00   8.1039251e-01
  -5.0055175e-01   5.1393818e-01
   8.8572397e-01  -3.8679323e-01
  -2.8815293e-01  -1.0589771e+00
  -1.0037328e+00  -3.9235950e-01
   9.2463347e-01  -8.0038462e-01
  -1.3818855e+00  -6.8771591e-01
   4.0937016e-01   1.2109275e+00
  -8.1252600e-01   6.1002611e-02
   2.0176925e-01  -1.6218560e+00
   1.8623246e+00  -1.4741917e+00
   1.6827505e+00   6.4317716e-01
   4.8329001e-01   1.8501029e-01
   4.6985281e-01   4.3148816e-01
  -2.3324414e-01   1.3160378e+00
  -3.0353500e-01  -4.0623681e-01
   6.9905723e-01  -2.0680887e-01
  -7.5593277e-01  -7.1684182e-01
  -1.3729570e-01  -1.0454019e+00
   1.8132062e+00  -7.9082032e-01
   6.6349604e-02   3.4363587e-01
  -3.5959417e-01   7.4675048e-01
  -1.6663897e+00  -4.2596567e-01
  -1.9181082e-01  -1.1710600e+00
  -3.1682624e-01   5.6107807e-01
  -3.3533899e-01  -1.6527445e+00
  -3.7552031e-01  -5.4840969e-01
   1.8554018e-02  -1.1341738e+00
   1.0120761e+00  -6.1725576e-01
  -8.7642620e-01  -2.0308819e-01
   1.0830041e-01   1.3623269e+00
   2.1878942e-03   6.9545607e-01
  -9.3997539e-01  -3.5847036e-01
   1.3028360e+00   2.6778835e-03
   1.1960374e+00  -1.1866292e+00
   5.9888365e-01  -1.6981983e-01
  -2.2740401e-01   1.0279760e-01
  -8.7580293e-01  -5.9512673e-01
   4.4730296e-01  -2.8122113e-01
   5.1288547e-01   5.7524963e-01
   4.4592344e-02  -1.1267295e+00
  -1.1201190e+00   9.1469489e-01
   1.3612790e+00   1.4609199e+00
  -1.1503214e+00  -5.0065232e-01
   3.0239501e-01   1.9899871e-01
  -2.2837667e-01  -1.8653277e-02
  -2.2641379e+00  -1.5467493e-01
   9.8324545e-02  -8.9050276e-01
  -7.4353533e-01  -3.5522046e-01
   7.7522541e-01   5.2969825e-01
   5.2139700e-01   6.0336495e-01
  -1.3399473e+00  -7.5158889e-01
  -3.5416432e-01   1.0218814e-01
   1.3218698e-01   4.3035676e-01
   1.6525999e-01   1.0786256e+00
   1.1448201e+00   4.0253943e-01
  -7.8573563e-01  -1.6349644e+00
   3.0570605e-02  -5.3033325e-01
   1.1863996e-01  -5.7182015e-01
  -7.0880617e-01  -3.5338633e-01
   9.0962357e-01  -3.6339268e-01
  -1.1096570e+00   8.1711189e-01
   4.6580560e-01   6.5475701e-02
  -6.9855533e-01   1.5500478e+00
   3.9623684e-01   3.3902813e-01
  -7.6366165e-01  -1.9502535e-01
   2.4549958e-01   6.4408224e-01
  -1.7020737e+00  -4.7723718e-01
  -1.1911790e+00  -4.1701671e-01
  -5.2656412e-01  -1.1103289e-01
   1.3800564e-01  -1.0644051e+00
   1.1659435e-01  -3.4802101e-01
  -3.2304900e-02  -7.7581456e-01
  -7.0772149e-01  -6.4922038e-01
  -3.8909951e-01  -4.2624547e-01
  -1.1979949e+00  -1.2898410e+00
  -1.0148507e+00  -4.1356584e-01
  -2.1268364e+00   3.6211710e-03
   1.4507732e-01   1.2374600e+00
   1.1222921e-01   1.1133267e+00
   1.8048131e-01  -2.0847347e-01
  -9.6553731e-01  -1.6056842e-01
   2.5573546e-01   9.6501765e-01
   2.8971963e-01   2.0668864e-01
   1.4598874e-01  -9.2371593e-01
   1.9805440e+00  -3.0612459e-01
  -7.2656002e-01  -2.6483579e-01
  -1.5555701e-01  -1.1237300e+00
  -1.0871774e+00  -2.1061118e-01
   9.8902633e-01   1.2864476e+00
   1.3380723e+00   6.4766948e-01
  -1.2576905e+00   9.7165602e-01
  -1.0539533e-01   6.9012599e-02
   1.5760097e+00   1.4252216e-02
   1.4796055e-01   8.9120025e-01
   4.4674128e-02  -2.7584706e-01
   4.9260191e-01   2.5559511e-01
   5.4534550e-01  -6.3176122e-01
  -8.8599256e-01  -1.5476405e+00
   2.0920578e-01  -4.4985561e-01
  -4.2817168e-01   1.4653787e-01
  -1.1913716e+00   7.9869793e-01
  -9.4724975e-01   1.0819652e-01
   3.1469003e-02  -1.0508913e+00
  -2.3798741e-01   6.3451145e-01
  -9.0204970e-01   8.4548558e-03
   4.3720795e-01  -5.2694429e-01
  -6.5787765e-01  -5.1944175e-01
   9.3045381e-01  -9.8877514e-01
   7.0143901e-01   2.2506045e-01
  -2.8446132e-01   5.1132982e-01
   7.2685509e-01   2.4091014e-01
   1.8542877e-01   5.5498317e-01
  -1.3096451e-01   8.8532285e-02
   3.4370267e-01   6.3673824e-02
  -2.1059247e-01  -2.8670831e-01
  -1.0802975e+00   1.3199031e+00
   6.9215730e-01  -8.9555672e-01
   2.8897915e-01   3.8979858e-01
  -5.1632176e-01   1.0010989e+00
   2.2772491e-01   6.5037936e-01
   3.0817163e-02   8.0929314e-01
  -1.2333372e+00  -4.6791980e-02
  -1.7283794e+00  -4.5819798e-01
  -1.6014736e-01  -3.1036424e-02
  -1.9802731e+00   9.2639418e-01
   1.6141373e-01   5.6221809e-01
  -1.1603806e+00  -4.2928038e-01
   2.4349069e-01  -1.7070103e+00
  -1.0080868e+00   1.1214354e-01
  -9.8004708e-01   1.5150586e+00
   1.0284447e+00   6.1576585e-01
  -2.7440226e-02   1.4227011e+00
  -8.9792521e-01   6.1859772e-01
   1.4028660e-01  -1.2716977e+00
  -3.1327257e-01  -3.5769698e-01
  -3.6321432e-01   2.3765088e-01
  -2.5930039e-01  -6.6566362e-01
  -1.7959407e+00   4.5195785e-02
  -1.3196556e+00  -1.0249380e+00
  -1.0818163e+00   3.4267411e-01
   4.0395154e-01   1.0318653e+00
  -7.7853505e-02  -9.0068262e-01
   2.5850232e-01   2.8963629e-01
  -6.5539182e-01   4.6648939e-01
  -1.3545294e+00  -4.1875405e-02
   3.1113232e-01  -1.8785117e-01
   9.0605027e-01  -6.1710388e-01
  -1.2463064e-01  -1.3232557e-01
   9.2518502e-01  -5.7300321e-01
   1.4881272e-01   2.9274948e-01
   9.8515159e-01  -1.2499963e+00
  -5.8100107e-01  -1.4842668e+00
  -5.0102097e-01   1.6917765e+00
   3.7154769e-01  -4.3769339e-01
   9.8809532e-01  -8.7994889e-02
   1.2129896e-01  -1.9874471e-01
   8.8764244e-01  -7.8846057e-01
  -4.5773563e-02   1.3533221e+00
  -1.4075209e+00   7.6903892e-01
  -1.0125277e+00  -3.5511626e-01
   5.4788350e-01   5.0981656e-01
   6.1116550e-01   6.1312456e-01
  -1.1951437e-02  -7.4847366e-01
  -2.3305994e-01   1.2248974e+00
   3.9031166e-01   3.3457254e-01
  -6.0342317e-01   8.3258481e-01
  -1.4474078e-02   4.3667965e-02
  -1.0383286e+00   4.7549802e-01
   3.0181183e-01  -1.2014430e+00
  -1.2240536e+00   1.1161276e+00
   2.8633472e-01  -1.7207261e+00
   1.1247454e+00  -1.2828024e+00
   5.7746886e-01   6.3722576e-02
  -5.0130342e-01  -7.1997607e-01
  -6.2613820e-01   6.8298679e-02
  -2.6887481e-01   7.0888627e-01
   2.0675466e+00   6.7224018e-01
   1.4923317e+00   3.5369102e-01
   2.5687935e-01   5.8178447e-01
   1.7251245e-01   6.6158706e-01
   3.0943175e-01   6.7497791e-01
   1.6169929e+00   6.2427893e-01
   2.9097467e-01   7.5891690e-01
  -2.5750347e-01   5.3641256e-01
  -1.2159329e+00   5.4264506e-01
   1.3026006e+00   1.3930542e-01
  -4.5703147e-02   1.2354858e-02
   2.9372768e-01   5.7734947e-02
   6.2447404e-01  -1.6188503e-01
  -1.2529748e+00   1.8868881e+00
   7.2625461e-01   2.0691443e+00
   3.2276705e-01  -5.4753545e-01
   1.4995460e+00   6.1965129e-01
  -4.6988332e-01  -4.1966097e-01
  -5.7081705e-01  -1.0154230e-01
   2.0436348e+00   5.9040022e-01
   2.5328611e-01   5.8436321e-01
   4.0537968e-01   1.0454556e+00
   6.1089233e-01  -1.4342085e+00
  -9.1801205e-01  -1.4673313e+00
   6.8906184e-01   9.7031364e-01
   8.8317131e-01  -1.5323280e-01
  -8.5983625e-01   5.2179504e-01
   7.1557876e-01   1.2907798e+00
  -1.2936186e+00  -3.3509949e-01
   2.6767921e-01  -4.0867840e-01
   4.1302418e-01  -1.1250192e-01
  -1.5058745e+00  -2.8916670e-01
  -2.0200214e-01   1.2922436e+00
  -9.5919483e-01  -7.9331916e-01
   4.1856528e-01  -9.2348366e-01
   1.9824692e-01   1.8656017e-01
   1.2912296e-03  -2.8916123e-02
  -2.8855215e-01  -5.2092032e-01
  -5.7200665e-01  -7.3725961e-02
  -7.1932413e-01   1.2259663e+00
  -1.3338871e-01  -1.3235930e-01
  -5.5982412e-01   1.3592315e+00
  -1.7448144e+00  -4.2976479e-01
  -1.0091537e+00   1.1888277e+00
  -4.5200763e-01   4.8121263e-02
  -1.0593056e+00   1.1673760e+00
   4.1674121e-01   4.4604472e-01
  -4.8155107e-01   1.3527732e+00
   4.8445789e-01  -1.8226490e-01
  -6.0829120e-01   4.4277769e-01
  -1.8805944e-01   7.1140322e-01
  -2.0273629e-01   4.2813321e-01
   3.4593546e-01  -1.2564435e+00
  -2.1355839e-01  -6.1439400e-01
   7.9506377e-01   9.3214642e-01
  -2.0345634e+00  -1.1512767e+00
   3.9213122e-01  -2.8695652e+00
   1.5284631e+00  -6.9885777e-01
   2.3144709e-01   8.5766615e-01
   2.5473682e-02  -8.8660241e-01
  -1.1214435e-01   7.9744129e-01
   4.8623908e-01   3.0844991e-02
   1.5263947e-01   2.9105818e-01
   6.9704114e-01   1.4676009e-01
   9.2191925e-01  -1.5356403e+00
  -1.0916209e+00  -7.2503244e-01
   4.6123087e-01  -7.0263246e-01
  -7.6230872e-01   1.8866198e-01
  -2.6786150e-02   3.3630014e-01
  -3.1738013e-01   4.1457524e-01
   2.5784717e-01  -1.1331253e+00
   1.5853895e+00   9.3967659e-01
   2.3970533e-01   2.9837587e-01
  -8.7587783e-01   9.3149721e-01
  -1.2593747e-01   1.6150243e-01
  -1.1879903e+00  -5.9392385e-01
  -3.4828215e-01   1.5762103e+00
  -5.5120752e-01   2.3123301e+00
   1.5885018e+00  -1.1693947e+00
  -3.1882796e-01   3.4188657e-01
   3.0166740e-01  -2.1803195e-01
   8.0542070e-01   1.8467537e-01
  -6.4676650e-01   3.0374578e-01
  -2.8966079e-01  -1.0468323e+00
  -1.4670113e+00   3.3995498e-01
  -8.5143475e-01  -1.0992214e-01
   4.0035855e-01  -2.7837426e-01
   5.5388272e-01  -1.2908346e+00
  -2.9181776e-01   2.1048228e-01
  -6.1801050e-01  -1.1580904e-01
   1.4329254e-01  -3.9156790e-01
   1.2599884e-01   3.3448927e-01
  -1.4600193e-01   9.1032374e-01
   6.4880638e-01  -3.2057078e-01
  -6.9968248e-01  -1.1922603e-01
  -1.5710429e-01  -9.3133930e-01
   8.0182825e-02   4.5400587e-01
   1.9205214e+00   3.7203326e-01
   9.7946316e-01   1.1893588e-01
  -7.7944786e-04   6.5407730e-01
  -3.3257837e-01  -1.4886738e-02
  -9.0232292e-01   7.6812068e-01
   2.6022138e-01   7.4556714e-01
  -7.0803523e-01   1.3025257e+00
  -1.5161299e-01  -6.9582088e-02
  -2.3221945e+00  -7.2860089e-01
   6.0072093e-01  -1.1950053e+00
  -7.5329018e-02  -3.2731096e-01
   1.2730071e-01   3.6225171e-01
  -2.0631349e-01   2.2414256e-01
   1.0894138e+00  -1.1487042e+00
  -1.0215746e-01   1.1211408e+00
   4.3208120e-01  -1.6927107e+00
   1.3121506e-01   2.6871033e-01
   1.7541918e-01   1.9413492e+00
   2.5969546e-01   2.3125062e-02
  -5.3065490e-01   9.7859448e-01
   9.0815284e-01   1.4328902e-01
  -1.7834676e+00  -5.2358645e-01
   2.4298639e-01  -3.0838923e-01
  -2.3601928e-01  -3.4265464e-01
   2.8698179e-01   9.8543707e-01
   1.0735725e-01  -1.2777988e+00
  -2.9108896e-01  -7.8223754e-01
  -1.4883887e+00   6.1048026e-01
  -2.9042864e-01   4.4939303e-01
  -1.2424677e-01   5.2429421e-01
  -1.1091131e+00  -9.2264279e-01
  -2.6661512e-01   4.3607866e-02
   6.7410944e-02  -1.3035641e+00
   7.3121022e-01  -2.9942468e-01
  -7.8314001e-02   9.8486753e-01
  -6.7113291e-02   1.3407648e-01
  -3.6406712e-01  -7.2287492e-01
   1.5143944e+00  -7.7194080e-02
  -9.9623903e-01  -2.4708546e-01
   7.8199478e-01  -6.3529090e-01
  -4.1513678e-01   1.0290326e+00
   2.6197558e-01   2.2724143e-01
   1.0517990e-01  -1.3065514e+00
   1.3107883e-01   1.1972690e+00
  -5.7243131e-01  -5.1773811e-01
   7.6119312e-01  -1.5152843e-01
  -7.0078789e-01  -1.2581793e-01
  -7.1052352e-01  -1.1474349e+00
   2.7172545e-01   7.7234437e-01
  -1.0088594e+00   1.5093057e+00
   6.3434861e-01  -5.4633323e-01
  -9.6892965e-01   9.7579579e-01
  -2.1307412e-01   4.0638073e-01
  -7.6040763e-01  -4.6260082e-01
   2.2764127e-02   4.9911839e-01
  -9.5916390e-01  -1.2737170e+00
  -1.8179991e-01  -3.1700172e-01
   1.9269553e+00  -2.4544292e-01
  -4.6769400e-01  -1.0749294e+00
  -4.8107875e-01   4.8026776e-02
   2.5861473e+00  -2.2195582e-01
   5.1651186e-01  -9.1976794e-01
  -9.3872871e-01  -4.9621278e-01
  -2.0005214e+00  -8.6769813e-01
  -3.0754991e-01   5.0604605e-01
   8.9145295e-01   8.6706142e-01
   2.2511715e-02   5.9618972e-01
  -2.8438872e-03   9.3896414e-01
   5.4244471e-01   9.3050433e-01
  -3.9860602e-01  -8.3621253e-01
   6.2413475e-01  -8.9208759e-01
   1.7432553e-01  -3.9924141e-01
   5.7851608e-01   2.2728639e+00
   3.6800603e-01   9.7082013e-01
  -7.4363564e-01   4.0424445e-01
  -6.2995162e-02   1.3241571e+00
  -4.0151489e-01   4.7025651e-02
  -1.5475947e+00  -3.1665480e-01
   1.5460539e+00  -2.3308833e-01
   5.1845998e-01   3.2603897e-01
  -4.8491181e-02   5.6832851e-01
  -4.6389997e-01  -2.6538637e-01
  -4.6638340e-01  -1.4529430e-01
   1.6005644e-01   1.9964954e-01
  -5.7754483e-01  -3.4842676e-01
   2.5063626e+00  -1.8994239e+00
   1.8796213e+00   2.7897184e+00
   2.1752844e+00  -3.1011783e+00
   3.2423489e+00   2.2497869e+00
   2.4232718e+00   1.9034234e+00
   3.2928397e+00   2.0893128e+00
   3.4097909e+00   1.6820881e+00
   1.3400445e+00   3.4924312e+00
   5.0301646e-01  -3.2448339e+00
   3.3160898e-01  -3.6767223e+00
   1.8220036e-01  -3.0914514e+00
   3.8593877e+00  -9.7802327e-01
   2.4418149e+00   3.0404406e+00
   5.9453145e-01   3.7994339e+00
   3.5969702e+00  -6.1518321e-01
   1.1208625e+00  -3.5090876e+00
   6.0343989e-01   3.4087246e+00
   1.3407100e+00   3.5889405e+00
   3.5929339e+00  -4.4246467e-01
   3.8790348e+00  -1.6489428e-01
   2.6651476e+00   1.5093934e+00
   9.9814488e-01   3.5184533e+00
   3.9643250e+00   9.3112491e-02
   2.1964013e+00   2.1654745e+00
   1.8027545e+00  -2.5982324e+00
   2.6869270e+00   2.4721650e+00
   3.2196478e+00   3.7027147e-01
   1.5384948e+00  -3.4239971e+00
   3.2676485e+00   3.1446952e-01
   3.2073197e+00   1.1570349e+00
   3.4417779e+00  -4.9699324e-01
   2.5102208e+00  -1.6744129e+00
   3.6914762e+00  -2.6636913e-02
   3.5055234e+00   6.7887682e-01
   1.2938855e+00   3.7114175e+00
   1.7398079e+00  -2.8124743e+00
   2.8133598e+00  -1.1297200e+00
   2.1141248e+00   2.8490363e+00
   3.5200614e+00   7.4634793e-02
   2.2945185e+00  -3.0124983e+00
   2.2592851e+00   2.8870773e+00
   1.6613036e+00   3.6236264e+00
   5.1962897e-01  -3.6548615e+00
   3.3864743e+00  -1.0651959e+00
   1.1877205e+00  -3.4292967e+00
   3.1282181e-01   3.9580105e+00
   2.6354940e+00  -1.6795580e+00
   2.8577271e+00   1.6887002e+00
   3.3581601e+00   1.7489290e-01
   1.3942851e-01   3.7144903e+00
   2.6273747e+00  -2.7426704e+00
   2.2096961e+00   2.3777315e+00
   2.8431558e+00   1.5836175e+00
   4.9565465e-01  -3.9419897e+00
   3.8645144e-02  -3.9705214e+00
   1.2479629e+00  -2.8542142e+00
   3.8542496e+00  -9.6652321e-01
   2.1074137e-01   3.8110640e+00
   1.4572603e+00   3.3015026e+00
   3.2220612e+00   6.2538508e-01
   3.3170031e+00   1.7089298e+00
   2.9395424e+00  -7.4253912e-01
   1.6952328e+00  -3.3421952e+00
   2.5713688e+00   2.9873560e+00
   2.7133093e+00   2.2495452e+00
   2.3265029e+00  -2.8315090e+00
   3.5207723e+00  -5.8560498e-01
   2.5235708e+00  -2.9332155e+00
   3.2718503e-01   3.2803821e+00
   8.5447482e-01  -2.8868918e+00
   2.8433738e+00  -1.9126553e+00
   1.7348635e+00  -2.7291986e+00
   3.3295536e+00   8.9363707e-01
   3.4241764e+00   8.7185070e-01
   2.6762658e+00  -2.3934004e+00
   1.4823479e+00  -3.3919512e+00
   2.5874517e+00   1.5549537e+00
   2.0688879e+00  -2.3129356e+00
   4.5554806e-01  -3.6124789e+00
   4.9937442e-01  -3.8370514e+00
   4.1292056e-01   3.2048211e+00
   3.2482227e+00  -1.1051653e+00
   3.9099049e+00   7.8330166e-01
   1.8257855e-02  -3.1768710e+00
   1.3208300e-01  -3.7135662e+00
   1.9656652e+00  -2.3062053e+00
   1.4740891e-01   3.1536697e+00
   3.3000019e+00  -1.5787720e+00
   1.0502640e+00  -3.4513019e+00
   3.2239168e+00   1.7308388e+00
   1.8662660e+00   2.9012602e+00
   1.4532684e+00  -2.8478215e+00
   1.0689037e+00   3.0239176e+00
   3.3467564e+00   1.0379926e-01
   2.7155721e+00   2.5193761e+00
   3.0931544e+00  -2.1814869e-01
   3.5522907e+00  -3.9566739e-01
   6.6928234e-01   3.7763194e+00
   1.4625166e+00  -2.6852138e+00
   2.4077161e+00   1.9012307e+00
   3.0820364e+00   4.5203317e-01
   2.1356376e+00  -2.1661922e+00
   2.1501191e+00   2.4850614e+00
   3.2060087e+00  -4.0971664e-01
   2.8445480e+00  -2.6934353e+00
   1.4754428e-01   3.3714116e+00
   2.7770162e+00   2.3291330e+00
   2.8692354e+00  -1.9879438e+00
   2.9092792e+00   2.3058363e+00
   3.5687579e+00   1.6988371e+00
   1.6168805e+00   2.7511053e+00
   1.5957704e+00   3.2148673e+00
   2.8247477e+00   2.4592395e+00
   3.1434360e+00  -1.0673512e+00
   7.8656326e-01  -3.6465341e+00
   1.8007084e+00  -3.1528249e+00
   1.5053843e-01   3.8976689e+00
   2.3430860e+00  -2.4848208e+00
   6.9041705e-01   3.2131172e+00
   1.2733494e+00  -3.7317332e+00
   4.8481139e-01   3.2916920e+00
   3.3421742e-01  -3.9832200e+00
   3.2678638e+00   2.2584247e+00
   2.7642207e+00  -2.5446150e+00
   1.8973239e+00  -2.5222306e+00
   1.0258962e+00   3.6717394e+00
   3.1450449e+00  -2.4361888e+00
   2.5199609e+00  -2.2836887e+00
   3.1097898e+00   6.4202234e-02
   3.4358225e+00   8.9585302e-01
   3.3312460e-01  -3.6222535e+00
   7.3089193e-01  -3.7199352e+00
   4.3466212e-02   3.0580806e+00
   3.1890775e+00   1.0840273e+00
   1.9716307e+00   3.3469313e+00
   3.3583744e+00  -1.5313924e+00
   2.4616107e+00   2.5843035e+00
   3.6927739e+00   1.3720899e+00
   1.4344198e+00   2.9787919e+00
   8.5397681e-01   3.7019428e+00
   3.3877068e+00   1.7259142e-01
   2.6197288e+00   2.9496849e+00
   1.9873494e+00   2.5815362e+00
   3.3271303e+00   1.2904352e+00
   3.1860448e+00   2.2036023e+00
   3.2936884e+00  -1.6439260e+00
   7.2128018e-01  -3.1683403e+00
   3.2745870e+00   1.4681853e+00
   1.7366622e+00   2.8935563e+00
   3.9238805e+00  -7.3083983e-01
   8.9442366e-01  -3.6034307e+00
   8.3828115e-01  -2.9414414e+00
   1.1226422e+00  -3.2600835e+00
   3.7244235e+00  -4.3417167e-01
   1.5584888e+00   2.6746484e+00
   2.1767672e+00  -2.4645341e+00
   2.7364848e+00   2.1054343e+00
   3.5529949e+00   1.5495268e+00
   2.9084997e+00   2.5095427e+00
   2.2720643e+00  -2.7613714e+00
   3.3224035e+00  -1.8043993e+00
   3.3618270e+00   1.3507252e+00
   3.2811355e+00  -6.3842616e-01
   3.0513757e+00  -1.6721986e-01
   2.6975189e+00  -2.6323554e+00
   7.3917218e-01   3.2962573e+00
   2.0481673e+00   2.3291892e+00
   3.0462285e+00  -1.9496054e+00
   3.2474218e+00  -2.7506956e-02
   2.4864524e+00   3.1105162e+00
   1.7824328e+00  -3.4810066e+00
   3.3282345e+00   9.5392092e-01
   2.2862972e+00  -2.0887381e+00
   1.0727044e+00  -3.6550233e+00
   3.5057546e+00   2.4700739e-01
   3.1499575e+00   2.1376931e+00
   2.9693612e+00   5.8341807e-01
   3.6459278e+00   2.6233951e-01
   2.7560289e+00  -1.9035720e+00
   3.8861845e+00  -2.8631782e-01
   1.8027378e+00   3.4032992e+00
   1.0072676e+00   2.9808895e+00
   1.9742125e+00  -2.5838938e+00
   3.4127770e+00   1.6382644e+00
   2.3615886e+00  -2.5207651e+00
   3.5011447e+00   1.4275169e+00
   1.1734766e+00   3.6122517e+00
   3.2780985e+00  -1.6372930e-02
   3.7625462e+00  -8.7911966e-01
   7.8128889e-01   3.9223540e+00
   1.0444973e-01  -3.8022535e+00
   2.7070319e+00   1.6085655e+00
   3.2319950e+00   1.4831691e+00
   2.6423485e+00  -1.9588838e+00
   2.9778080e+00  -2.4838779e+00
   1.9219730e+00  -3.2348152e+00
   3.5437470e+00   1.2368456e+00
   8.8256743e-01   3.8494189e+00
   2.0638817e+00   2.9132667e+00
   2.5943393e+00  -1.7020003e+00
   2.6024075e+00  -2.4817407e+00
   2.8693734e+00  -2.6929549e+00
   3.9516200e+00  -3.0726098e-01
   3.6029953e+00  -6.1647360e-01
   2.0182744e+00   3.2818288e+00
   3.5282997e+00  -3.9476494e-02
   3.1129470e+00   4.2290963e-01
   2.1279809e+00  -3.1000039e+00
   3.3317238e+00   1.6095035e+00
   3.2272787e+00   5.9118093e-01
   2.4379515e+00  -2.4406140e+00
   2.4698675e+00  -2.9463212e+00
   2.2945261e+00   2.4439953e+00
   9.1557112e-02  -3.9608337e+00
   1.3582943e+00  -2.8670526e+00
   4.0358661e-01  -3.3651364e+00
   3.2634563e+00   1.9619680e+00
   2.4965410e+00  -2.1700454e+00
   2.7655829e+00   1.3537655e+00
   1.9656063e+00  -3.2958832e+00
   2.7649051e+00  -2.3874128e+00
   3.2658494e-01  -3.9350585e+00
   9.9547948e-01   3.0590727e+00
   8.1039617e-01  -3.5035284e+00
   8.5207749e-01  -2.9588261e+00
   3.8297432e+00   1.0967417e-01
   1.8123927e+00  -3.2695525e+00
   2.0394453e+00  -2.6713871e+00
   3.0270244e+00   9.1670436e-01
   2.8553132e-02  -3.8587663e+00
   2.5301247e+00   1.6695896e+00
   3.4364642e+00  -6.0862192e-01
   1.1126038e+00  -3.0184337e+00
   7.2068108e-01   3.1825142e+00
   2.9699164e+00   7.1125729e-01
   2.2810793e+00  -1.9724408e+00
   7.2440544e-02  -3.7540764e+00
   3.2041832e+00  -1.6911176e+00
   1.9609582e+00   2.9392509e+00
   3.5195345e+00  -1.4950906e+00
   1.5605474e+00   2.8594969e+00
   1.0510180e+00   3.6493171e+00
   3.5460796e+00   1.0492906e+00
   2.8275811e+00   1.0332323e+00
   3.7304475e+00   1.3005377e+00
   9.6438966e-01   3.2598484e+00
   1.4994824e+00   2.6443078e+00
   1.7180270e+00   2.9553962e+00
   3.3393656e+00  -3.9562998e-01
   1.4998636e+00  -3.3477108e+00
   2.9675730e+00   1.9275800e+00
   1.0323533e+00  -3.7711517e+00
   7.1990124e-01  -3.7543049e+00
   2.6062615e+00   1.7878954e+00
   3.2948347e+00   2.3942300e-01
   8.0931070e-01   3.0523653e+00
   3.3257754e+00  -4.7174363e-01
   1.9010632e+00   2.3969544e+00
   3.4901641e+00  -1.3928195e+00
   3.8354044e+00  -1.1239918e+00
   8.8553853e-01   3.5921859e+00
   2.3321853e+00  -2.3546047e+00
   5.0669716e-01  -3.3023004e+00
   3.2251977e-01   3.8157050e+00
   1.1884453e+00   2.9690611e+00
   1.9960936e+00   2.5944576e+00
   2.9978912e+00   1.5754912e+00
   1.4056160e+00  -3.3138960e+00
   3.2238923e+00  -5.9160204e-01
   2.9049002e-02  -3.0026578e+00
   3.4694939e+00   1.5536071e+00
   2.6765611e+00   1.3715291e+00
   1.6286588e+00  -2.7553799e+00
   8.4711136e-01   3.4302152e+00
   1.5240533e+00  -2.8215313e+00
   3.8256572e+00   1.0343220e+00
   2.9501905e+00   1.8942941e+00
   9.0620169e-01   2.9154341e+00
   3.3867558e+00   2.0230555e+00
   3.2486360e+00   6.0979556e-01
   2.7731085e-01  -3.4780940e+00
   2.4409639e+00   2.5972182e+00
   3.6844943e+00  -1.2832363e+00
   3.6547367e+00  -5.9190931e-01
   2.3732108e+00  -2.7206844e+00
   1.7776615e+00   2.4538762e+00
   9.3952887e-01   3.4289835e+00
   2.7742846e+00   2.1889501e+00
   9.7148139e-02   3.7860319e+00
   1.5750004e+00  -2.7745553e+00
   2.5650622e+00   2.3856435e+00
   1.9694794e+00  -3.2011425e+00
   2.2634895e+00  -2.0502146e+00
   2.4134768e+00  -2.2268811e+00
   3.5859868e-01  -3.4282892e+00
   3.4557179e+00  -1.3020437e+00
   1.5625289e-01  -3.1062896e+00
   3.5073975e+00  -1.8138692e+00
   3.1179578e+00   5.1706617e-02
   3.3735507e+00   3.5002993e-01
   3.1920092e+00  -1.0052843e+00
   1.4405956e+00  -2.9574932e+00
   1.6117165e+00   3.2348560e+00
   1.5410852e+00   3.4321412e+00
   5.2395635e-01  -3.2166923e+00
   4.6195177e-01   3.3700825e+00
   3.5752746e+00  -1.5894317e+00
   7.0689200e-03   3.0558293e+00
   3.8859448e+00   5.3955628e-01
   1.7531573e+00   2.4983721e+00
   2.3481158e+00   2.9376478e+00
   3.0615065e+00   1.7630095e+00
   9.2096113e-01  -2.8661817e+00
   1.5273229e+00  -3.5900977e+00
   3.0061224e+00  -5.9953200e-01
   2.0829928e+00   2.5680121e+00
   2.9102073e+00  -2.6057502e+00
   2.6168185e+00  -1.5470079e+00
   9.1578457e-01   3.5705248e+00
   3.2631174e+00  -1.8946355e-01
   1.9385754e+00  -2.5159342e+00
   1.3708502e+00   3.4481934e+00
   3.1302681e+00   1.3015837e+00
   3.2657002e+00  -9.2407995e-01
   5.5065481e-01   3.5064306e+00
   8.2462768e-01   3.3932012e+00
   4.5411415e-01   3.5487157e+00
   2.9182026e+00  -1.8959041e+00
   3.1259168e+00   1.0038302e-01
   6.9313813e-01  -3.7521130e+00
   2.8149062e+00   1.1239343e+00
   2.3563168e+00  -2.2200838e+00
   2.7030755e+00  -1.8030407e+00
   1.1005511e+00  -3.7385038e+00
   1.5131574e+00  -3.1551677e+00
   1.5251516e+00  -2.9858261e+00
   3.2625738e+00  -2.1707844e+00
   1.4853826e+00   3.1606559e+00
   3.1204883e+00   1.5872860e+00
   2.3807321e+00   2.5499251e+00
   1.4190577e+00  -3.3969037e+00
   2.1636597e+00   2.3969282e+00
   3.5765765e+00   3.1293555e-01
   1.5803001e+00   3.1561429e+00
   3.1435783e+00   1.6469263e+00
   3.4251467e+00  -7.8621521e-01
   2.2617678e+00   2.8273734e+00
   2.4409448e+00  -2.7736600e+00
   2.7358323e+00   2.7504542e+00
   3.3272339e+00  -7.2573068e-01
   2.4267638e+00   2.6684210e+00
   1.5434311e+00  -2.8522294e+00
   3.0459226e+00  -1.7342111e+00
   2.9496783e+00   2.4842752e+00
   2.8535343e+00  -1.0976208e+00
   9.0000768e-01  -3.5769990e+00
   4.7459378e-01  -3.2129648e+00
   2.0745892e+00  -2.3376341e+00
   2.0327976e+00   2.3414116e+00
   2.1990460e+00   2.8137093e+00
   3.3143003e+00   1.6691500e+00
   2.5338263e+00   2.5043217e+00
   2.4769407e+00   1.8472521e+00
   2.8595531e+00  -1.5263507e+00
   2.0440500e+00   3.0064022e+00
   2.7126520e+00  -2.8693416e+00
   3.6660826e+00   5.2809533e-01
   3.2482857e+00  -1.0199342e+00
   3.1395803e+00   2.8018323e-01
   3.2530198e-01   3.1357540e+00
   3.6526766e+00  -1.4630381e-01
   9.8620755e-01  -2.8705842e+00
   3.3158978e+00  -7.0739330e-01
   8.4546633e-01   3.5865458e+00
   6.9316642e-01   3.8917828e+00
   8.0404052e-01  -3.3257396e+00
   1.9649941e+00   2.5872900e+00
   3.4365061e+00   1.8218964e+00
   8.9074202e-01   3.0884616e+00
   1.3192175e+00   3.3724880e+00
   1.6932661e+00  -2.9098369e+00
   2.9183367e+00   2.6367979e+00
   2.1467340e+00  -3.1101014e+00
   3.5105741e+00   2.6571034e-01
   3.7817334e+00  -5.1671523e-01
   3.9366118e-01   3.6314908e+00
   3.7875743e+00   9.9986913e-01
   4.6315815e-01   3.8580595e+00
   2.8851843e+00   1.8334229e+00
   3.6932176e+00  -1.1496923e+00
   1.1933548e+00  -2.8704486e+00
   2.9968844e+00  -3.0917477e-01
   5.6265749e-01   3.6610815e+00
   1.0397315e+00   2.9161953e+00
   2.9713458e+00  -2.5003533e+00
   3.0736091e+00  -2.1952072e+00
   2.1191277e+00  -3.0135001e+00
   3.2303586e+00  -1.1270946e+00
   4.2135872e-01   3.9309651e+00
   3.3863491e+00   8.3441419e-01
   1.5903350e-01  -3.7850555e+00
   8.6147695e-01   3.3707135e+00
   2.4499720e+00  -2.3768720e+00
   3.0894129e+00  -4.7062627e-01
   2.9915738e+00  -1.6288236e+00
   3.4119195e+00  -1.2033862e+00
   2.9100152e+00  -2.1199824e+00
   3.8424021e-01  -3.8941644e+00
   3.7757483e+00   4.7166147e-01
   8.7066142e-01   3.2155963e+00
   2.7973723e+00  -2.2441824e+00
   1.0020196e+00   3.5293994e+00
   2.9193207e+00   9.6361749e-01
   1.4394313e+00  -3.2834961e+00
   1.8226382e-01  -3.4827413e+00
   2.3538839e+00   2.2029189e+00
   5.3804062e-01  -3.8751086e+00
   1.9966293e+00  -2.2740815e+00
   1.7686106e+00  -2.9066922e+00
   3.9008891e+00  -1.8149522e-01
   2.3992265e+00   2.0426923e+00
   3.2849570e+00   5.6488288e-01
   2.3041692e+00  -2.5523201e+00
   2.3356738e+00  -1.9213367e+00
   8.6908780e-01  -3.0858162e+00
   1.1187815e+00   3.8193708e+00
   2.9321362e+00  -1.0424217e+00
   1.1160267e+00   3.3635000e+00
   2.5811460e+00   2.4497948e+00
   4.6645663e-01   3.5346377e+00
   2.0842380e+00   3.3018705e+00
   2.8357130e+00  -1.8114177e+00
   1.5591635e+00  -3.6036980e+00
   2.2011853e+00   2.6138077e+00
   7.2512488e-01   3.6860253e+00
   7.5530283e-02  -3.9872502e+00
   8.2940584e-01   3.3297822e+00
   1.0345480e+00   3.4456071e+00
   2.5918622e+00  -1.7573764e+00
   3.9704507e+00  -2.2167372e-01
   3.7846755e+00   1.0189117e+00
   2.1091640e+00  -2.1520102e+00
   3.5444918e+00  -7.6222956e-01
   3.7317565e+00   1.3233760e+00
   3.8865511e+00  -2.9518646e-01
   3.7695239e+00  -2.8410453e-01
   1.7586424e+00   2.9415667e+00
   3.4052539e+00  -1.4835246e+00
   2.0182849e+00   2.3201735e+00
   2.5090797e+00  -2.5788086e+00
   2.1402908e+00   2.9342637e+00
   2.0781927e+00   2.6681412e+00
   3.4793364e+00  -3.6475311e-01
   1.1005841e+00   3.2157952e+00
   2.8225014e+00  -1.0202903e+00
   5.5828539e-01   3.7016423e+00
   2.0664796e+00  -2.6633670e+00
   1.7900162e+00  -3.2289388e+00
   2.5794028e+00   1.8141881e+00
   1.8880193e+00  -2.4711815e+00
   2.7882676e-01   3.0388113e+00
   3.2135732e+00   1.4618982e+00
   2.0484336e+00  -2.3878773e+00
   2.4439126e+00  -2.3099718e+00
   7.3675107e-01  -3.7767658e+00
   5.3547202e-01  -3.0894274e+00
   9.3167396e-02  -3.2047151e+00
   1.5647425e+00  -2.8066768e+00
   3.1307391e+00   8.5949658e-01
   9.5679799e-01  -3.4374305e+00
   7.7619129e-01  -3.7666601e+00
   3.5295244e+00   4.3717101e-01
   1.6903119e+00   2.7718159e+00
   2.8743793e+00  -1.4138068e+00
   3.5803536e+00   2.3334223e-01
   3.5197693e+00   3.5049479e-01
   1.3897860e+00   2.8153237e+00
   1.6927123e+00   2.5325450e+00
   7.1889755e-01  -3.4085544e+00
   2.4239466e+00  -2.7715729e+00
   3.0268481e+00  -5.2830996e-01
   1.7130429e+00  -3.5618108e+00
   3.2180609e+00  -6.3201048e-01
   6.3489615e-01   3.6426371e+00
   2.5348315e+00  -1.8520725e+00
   1.1997890e+00  -3.7480466e+00
   4.6596704e-01  -3.6955754e+00
   3.6673188e+00   7.7247585e-01
   3.3341079e-01   3.3943228e+00
   2.6093071e+00   1.9743899e+00
   7.8294063e-01   3.1852082e+00
   3.6653421e+00  -1.1211336e+00
   8.8451825e-01  -3.0821733e+00
   2.2007862e+00  -2.5728012e+00
   1.7766515e+00   3.5169358e+00
   3.7771952e+00   1.2703718e+00
   5.2181585e-01  -3.3297352e+00
   2.2057120e+00   2.0449347e+00
   3.0381192e+00   7.5620146e-01
   3.4052266e+00  -1.2178132e+00
