   1.0026760e-01  -5.2501466e-02
   1.3536251e-01  -4.5965489e-02
   1.2693344e-01  -1.6401235e-02
   1.1529388e-01  -4.7320500e-02
   1.3968331e-01  -5.0101118e-02
   1.4319545e-01   1.2260544e-02
   1.0600977e-01  -1.6803790e-02
   1.1816314e-01  -6.6664825e-03
   1.1078065e-01   2.6523580e-02
   1.0073792e-01   1.5626054e-02
   1.2653642e-01   5.6022115e-02
   1.3069828e-01   6.8466117e-02
   1.0454266e-01   8.0942412e-02
   7.2690288e-02   5.6244270e-02
   6.3714925e-02   8.9239822e-02
   8.5322062e-02   5.8725658e-02
   6.4105328e-02   9.4708180e-02
   5.4042615e-02   1.0678529e-01
   6.4223349e-02   7.7382497e-02
   3.5007691e-02   1.1120980e-01
   5.7575219e-02   1.3947477e-01
   1.2629095e-02   1.0850468e-01
   3.4984702e-03   1.1298754e-01
   1.0571104e-02   1.5517733e-01
  -1.0281021e-02   1.4010015e-01
   3.0589402e-02   1.2474304e-01
   1.8628448e-02   1.3433554e-01
  -1.7337480e-02   1.6450235e-01
  -4.0012202e-02   1.6297768e-01
  -3.3583423e-02   1.5051950e-01
  -4.3827841e-02   1.7378430e-01
  -3.4595389e-02   1.8245829e-01
  -6.3567716e-02   1.5902264e-01
  -4.0581886e-02   1.6920254e-01
  -5.2789113e-02   1.6809478e-01
  -6.0309214e-02   1.9474811e-01
  -1.0657202e-01   1.5709944e-01
  -1.1989173e-01   2.0380171e-01
  -9.4098925e-02   1.6736360e-01
  -1.4469803e-01   1.7986688e-01
  -1.5943452e-01   1.9641702e-01
  -1.4601573e-01   1.8913452e-01
  -1.3283491e-01   1.5621115e-01
  -1.7286740e-01   1.8733575e-01
  -1.9385485e-01   1.5120269e-01
  -2.1176660e-01   1.9775253e-01
  -1.7009145e-01   1.9132876e-01
  -1.9936512e-01   1.6581165e-01
  -2.2221341e-01   1.7206740e-01
  -2.1414082e-01   1.8593196e-01
  -2.1551262e-01   1.3050978e-01
  -2.5186100e-01   1.6341783e-01
  -2.3894251e-01   1.6285823e-01
  -2.7669585e-01   1.5473168e-01
  -2.3960246e-01   1.1357706e-01
  -2.6238046e-01   1.2179746e-01
  -3.0279302e-01   9.0587582e-02
  -2.9369734e-01   1.0257499e-01
  -2.8946852e-01   8.4184813e-02
  -2.7855040e-01   9.5896843e-02
  -3.0919394e-01   9.5695245e-02
  -3.0966522e-01   1.0111496e-01
  -3.1238887e-01   7.0766859e-02
  -3.0350534e-01   6.9291052e-02
  -3.5505214e-01   8.4417606e-02
  -3.4486122e-01   7.4150564e-02
  -3.5508752e-01   4.4033665e-02
  -3.3647565e-01   5.6370979e-02
  -3.2857691e-01  -3.7906376e-03
  -3.5611533e-01   3.2263189e-02
  -3.4036674e-01  -5.6453874e-03
  -3.7190849e-01  -2.1624176e-02
  -3.6089441e-01   4.2900115e-03
  -3.7256227e-01  -3.3956858e-02
  -3.4368838e-01  -5.4791762e-02
  -3.5814377e-01  -7.2957489e-02
  -3.4982213e-01  -2.7289385e-02
  -3.9333639e-01  -5.3784813e-02
  -3.8320401e-01  -5.2967850e-02
  -3.5351552e-01  -5.8247925e-02
  -3.8582708e-01  -8.3750511e-02
  -3.9556552e-01  -7.9446042e-02
  -3.6983878e-01  -1.2896411e-01
  -3.3784912e-01  -1.0103168e-01
  -3.7597421e-01  -1.0868271e-01
  -3.5476675e-01  -1.5549577e-01
  -3.6424797e-01  -1.7859284e-01
  -3.8070323e-01  -1.4631632e-01
  -3.4840915e-01  -1.9647929e-01
  -3.2456871e-01  -1.6690427e-01
  -3.5404731e-01  -1.9263343e-01
  -3.6187851e-01  -1.8911741e-01
  -3.4454530e-01  -2.2650265e-01
  -3.1405677e-01  -2.1304759e-01
  -3.2797735e-01  -2.1493642e-01
  -3.0189703e-01  -2.5990393e-01
  -3.3410513e-01  -2.4005545e-01
  -2.8492411e-01  -2.2235701e-01
  -2.9737907e-01  -2.7567288e-01
  -3.1140059e-01  -2.6264815e-01
  -2.8135326e-01  -2.5601110e-01
  -2.5478990e-01  -2.8396806e-01
  -2.3430595e-01  -2.5038019e-01
  -2.2213966e-01  -2.7116118e-01
  -2.1355995e-01  -3.0548555e-01
  -2.0997537e-01  -2.8933521e-01
  -2.0281809e-01  -2.7423511e-01
  -1.9754157e-01  -2.9752808e-01
  -2.0298651e-01  -2.8949767e-01
  -2.0170089e-01  -2.8420647e-01
  -2.0963093e-01  -2.9027208e-01
  -1.6829849e-01  -3.3542834e-01
  -1.4596319e-01  -3.3403833e-01
  -1.7147406e-01  -3.3788442e-01
  -1.2762830e-01  -3.4668863e-01
  -1.6383613e-01  -3.4880017e-01
  -1.3536830e-01  -3.1408178e-01
  -1.3200710e-01  -3.1344980e-01
  -1.2892647e-01  -2.9458130e-01
  -9.0265279e-02  -3.0502669e-01
  -9.9201273e-02  -3.2989837e-01
  -5.0746457e-02  -3.1676206e-01
  -6.8548858e-02  -3.2914175e-01
  -4.4411353e-02  -2.9840391e-01
  -7.8319114e-02  -3.3272542e-01
  -3.3233301e-02  -2.9194095e-01
  -2.5566148e-02  -2.8470980e-01
  -2.4529685e-03  -2.8480360e-01
  -2.4986302e-03  -3.0514232e-01
   1.9822872e-02  -2.8580417e-01
   3.0010043e-02  -2.8786595e-01
  -6.4612221e-03  -3.0556103e-01
   4.2817313e-03  -2.5553052e-01
   4.8279252e-02  -2.5822514e-01
   1.2315525e-02  -2.7715162e-01
   3.9661513e-02  -2.2852234e-01
   4.1602496e-02  -2.6886647e-01
   7.4710272e-02  -2.5481024e-01
   4.3677949e-02  -2.4077292e-01
   9.1445999e-02  -2.4362731e-01
   9.7011097e-02  -2.3823351e-01
   8.7827079e-02  -1.9949438e-01
   7.6590847e-02  -2.2263767e-01
   7.0815291e-02  -1.9357050e-01
   1.0892808e-01  -1.9838024e-01
   7.7328470e-02  -1.7943789e-01
   8.3676526e-02  -1.4257361e-01
   9.1469213e-02  -1.7586004e-01
   1.1409400e-01  -1.7933661e-01
   1.3038272e-01  -1.1545750e-01
   1.4401062e-01  -1.1939634e-01
   1.2476392e-01  -1.1955042e-01
   9.9605770e-02  -1.0929137e-01
   1.1693551e-01  -1.2454338e-01
   1.3763339e-01  -6.0959521e-02
   1.4695011e-01  -8.9254842e-02
   1.1734776e-01  -6.3281770e-02
   3.7964710e-01  -6.1400259e-02
   3.9788158e-01  -6.4568830e-02
   3.8268575e-01  -1.2393754e-02
   3.7657102e-01   5.2656887e-03
   3.6085451e-01   9.2361827e-03
   3.6153461e-01   1.6712478e-02
   3.7952582e-01   8.3869503e-02
   3.4675928e-01   5.5424313e-02
   3.4744276e-01   9.0428134e-02
   3.3452395e-01   1.3709937e-01
   3.4525711e-01   1.6677940e-01
   3.2985089e-01   1.6163099e-01
   3.2547886e-01   1.9077125e-01
   3.0572909e-01   2.0500546e-01
   2.8937783e-01   2.1723972e-01
   2.8266281e-01   2.3444928e-01
   2.4590609e-01   2.6681978e-01
   2.5384265e-01   2.5802176e-01
   2.7398995e-01   2.6472579e-01
   2.4876592e-01   2.9540410e-01
   2.3117895e-01   2.9539775e-01
   2.1835231e-01   2.9013691e-01
   2.0226772e-01   3.2110409e-01
   1.9143776e-01   3.3956632e-01
   1.7055434e-01   3.4172117e-01
   1.6612908e-01   3.5254581e-01
   9.6743681e-02   3.8368117e-01
   9.6095375e-02   3.7919036e-01
   8.3767359e-02   3.8580795e-01
   5.1315613e-02   3.6950522e-01
   1.9336837e-02   3.8629550e-01
   5.6603316e-02   4.0440397e-01
   2.2510575e-02   4.2137013e-01
  -3.1618767e-02   4.3042840e-01
  -5.1219838e-02   4.5140760e-01
  -3.7544751e-02   4.5098397e-01
  -7.6827522e-02   4.0299594e-01
  -1.1503587e-01   4.5628863e-01
  -1.1495217e-01   4.0965962e-01
  -1.5102181e-01   4.5813511e-01
  -1.3164934e-01   4.3494439e-01
  -1.4370563e-01   4.1195530e-01
  -2.1909410e-01   3.9938111e-01
  -2.0012059e-01   4.0999545e-01
  -2.1801426e-01   4.3684815e-01
  -2.6293808e-01   3.8789979e-01
  -2.4678882e-01   3.9905414e-01
  -2.9873060e-01   3.7943062e-01
  -3.3347879e-01   3.7397064e-01
  -3.4791817e-01   3.6043550e-01
  -3.2374411e-01   3.9031348e-01
  -3.4667911e-01   3.4417093e-01
  -3.5972200e-01   3.6606615e-01
  -3.8624347e-01   3.2887569e-01
  -3.9066850e-01   3.4625451e-01
  -4.5414243e-01   3.2516190e-01
  -4.4747571e-01   2.9974812e-01
  -4.7186969e-01   3.1933622e-01
  -4.7250273e-01   3.0483827e-01
  -4.6245082e-01   2.9769178e-01
  -5.1182030e-01   2.2653994e-01
  -5.0546728e-01   2.4954013e-01
  -5.5197052e-01   1.9565680e-01
  -5.5571485e-01   1.8522713e-01
  -5.2581084e-01   1.6842984e-01
  -5.7428935e-01   1.6680985e-01
  -5.4563565e-01   1.4152930e-01
  -5.8386584e-01   1.2992738e-01
  -5.7188420e-01   1.0580769e-01
  -6.1627072e-01   9.5420592e-02
  -5.8186471e-01   7.8549795e-02
  -6.0170353e-01   7.2537663e-02
  -5.8005304e-01   6.2017152e-02
  -6.2346476e-01   1.1410989e-02
  -6.2167228e-01   2.6145298e-02
  -6.4006468e-01   1.0869716e-04
  -5.9082813e-01  -1.4668127e-02
  -6.2379980e-01  -7.3274766e-02
  -6.4490854e-01  -1.0027745e-01
  -6.0641371e-01  -8.7573206e-02
  -6.1764006e-01  -1.0205295e-01
  -6.2619828e-01  -1.5733032e-01
  -5.9771503e-01  -1.7805680e-01
  -5.8902049e-01  -1.6758096e-01
  -6.1942963e-01  -1.7419630e-01
  -5.9728354e-01  -1.9333817e-01
  -5.9716870e-01  -2.5590173e-01
  -6.0698880e-01  -2.3618833e-01
  -5.7284838e-01  -2.4434269e-01
  -5.4432231e-01  -2.8963153e-01
  -5.8507513e-01  -3.3036876e-01
  -5.2780667e-01  -3.3760258e-01
  -5.3835178e-01  -3.2523335e-01
  -5.3463828e-01  -3.8335116e-01
  -5.3938047e-01  -3.7648751e-01
  -5.2127665e-01  -3.8524112e-01
  -4.9627565e-01  -3.7561132e-01
  -4.7754222e-01  -4.3496114e-01
  -4.7404648e-01  -4.5461414e-01
  -4.3420253e-01  -4.3634096e-01
  -4.1242355e-01  -4.8152950e-01
  -4.0550944e-01  -4.4132358e-01
  -4.0892035e-01  -4.9709153e-01
  -3.8035365e-01  -4.8661051e-01
  -3.6100966e-01  -4.8431312e-01
  -3.7430042e-01  -4.9314135e-01
  -3.3427832e-01  -5.2252340e-01
  -3.2718065e-01  -5.1442033e-01
  -2.9254006e-01  -5.1261981e-01
  -2.5180015e-01  -5.2018211e-01
  -2.6370902e-01  -5.6734199e-01
  -2.6802352e-01  -5.5256000e-01
  -1.9473903e-01  -5.4271201e-01
  -1.7533917e-01  -5.8175546e-01
  -1.8954342e-01  -5.5144656e-01
  -1.7554855e-01  -5.6977048e-01
  -1.2397656e-01  -5.6455535e-01
  -1.2049955e-01  -5.8436569e-01
  -9.7447294e-02  -5.9455705e-01
  -7.0145810e-02  -5.8060692e-01
  -8.5786170e-02  -5.4151813e-01
  -1.9165618e-02  -5.6557145e-01
   4.7399759e-03  -5.7410115e-01
  -2.6513624e-02  -5.4017331e-01
   3.7782410e-02  -5.3452613e-01
   6.0712717e-02  -5.7371412e-01
   2.5699164e-02  -5.1556869e-01
   7.5029380e-02  -5.1310413e-01
   1.0090913e-01  -5.3343341e-01
   1.0293814e-01  -5.0390512e-01
   1.3636088e-01  -5.1672424e-01
   1.6035151e-01  -4.6846372e-01
   1.6587574e-01  -4.9642346e-01
   1.8555392e-01  -4.9162728e-01
   1.8015905e-01  -4.4482634e-01
   2.2918356e-01  -4.4806136e-01
   2.1920403e-01  -4.2403321e-01
   2.4574216e-01  -3.9121468e-01
   2.7153124e-01  -4.1583828e-01
   2.5081840e-01  -4.1490893e-01
   2.7112407e-01  -3.5637464e-01
   2.9216483e-01  -3.6581465e-01
   2.9672083e-01  -3.3604955e-01
   2.8601926e-01  -3.4313934e-01
   3.3507753e-01  -3.3210186e-01
   3.0148545e-01  -3.0969600e-01
   3.3370779e-01  -2.5115175e-01
   3.1782112e-01  -2.6423427e-01
   3.8105055e-01  -2.4049434e-01
   3.6000448e-01  -2.0545660e-01
   3.8863752e-01  -1.7620226e-01
   3.6167585e-01  -1.5981111e-01
   3.9558757e-01  -1.6370990e-01
   3.6087303e-01  -1.5500421e-01
   4.0237369e-01  -1.0773515e-01
   4.0296662e-01  -1.2636380e-01
   3.7386757e-01  -8.9619188e-02
