   1.5550190e-01  -8.1422890e-02
   2.0992950e-01  -7.1286447e-02
   1.9685713e-01  -2.5436165e-02
   1.7880569e-01  -7.3387891e-02
   2.1663050e-01  -7.7700264e-02
   2.2207737e-01   1.9014496e-02
   1.6440726e-01  -2.6060474e-02
   1.8325553e-01  -1.0338840e-02
   1.7180627e-01   4.1134595e-02
   1.5623130e-01   2.4233961e-02
   1.9624140e-01   8.6882954e-02
   2.0269590e-01   1.0618197e-01
   1.6213196e-01   1.2553107e-01
   1.1273310e-01   8.7227487e-02
   9.8813493e-02   1.3839926e-01
   1.3232333e-01   9.1075794e-02
   9.9418958e-02   1.4687997e-01
   8.3813009e-02   1.6560998e-01
   9.9601993e-02   1.2001011e-01
   5.4292338e-02   1.7247181e-01
   8.9291614e-02   2.1630708e-01
   1.9586071e-02   1.6827653e-01
   5.4256686e-03   1.7522885e-01
   1.6394396e-02   2.4065968e-01
  -1.5944515e-02   2.1727696e-01
   4.7440151e-02   1.9346010e-01
   2.8890280e-02   2.0833681e-01
  -2.6888158e-02   2.5512157e-01
  -6.2053678e-02   2.5275701e-01
  -5.2083485e-02   2.3343600e-01
  -6.7971234e-02   2.6951666e-01
  -5.3652911e-02   2.8296888e-01
  -9.8585192e-02   2.4662326e-01
  -6.2937184e-02   2.6241095e-01
  -8.1868992e-02   2.6069295e-01
  -9.3531682e-02   3.0202878e-01
  -1.6527923e-01   2.4364063e-01
  -1.8593635e-01   3.1606972e-01
  -1.4593509e-01   2.5955899e-01
  -2.2440767e-01   2.7894994e-01
  -2.4726203e-01   3.0461704e-01
  -2.2645126e-01   2.9332285e-01
  -2.0600953e-01   2.4226300e-01
  -2.6809466e-01   2.9053318e-01
  -3.0064345e-01   2.3449555e-01
  -3.2842223e-01   3.0668824e-01
  -2.6378954e-01   2.9672582e-01
  -3.0918916e-01   2.5715212e-01
  -3.4462386e-01   2.6685398e-01
  -3.3210434e-01   2.8835609e-01
  -3.3423182e-01   2.0240356e-01
  -3.9060338e-01   2.5343962e-01
  -3.7056850e-01   2.5257177e-01
  -4.2911897e-01   2.3996855e-01
  -3.7159200e-01   1.7614313e-01
  -4.0691768e-01   1.8889189e-01
  -4.6959227e-01   1.4048946e-01
  -4.5548606e-01   1.5908036e-01
  -4.4892772e-01   1.3055961e-01
  -4.3199514e-01   1.4872343e-01
  -4.7951926e-01   1.4841078e-01
  -4.8025015e-01   1.5681605e-01
  -4.8447418e-01   1.0975012e-01
  -4.7069699e-01   1.0746134e-01
  -5.5063931e-01   1.3092064e-01
  -5.3483454e-01   1.1499780e-01
  -5.5069418e-01   6.8290440e-02
  -5.2182962e-01   8.7423997e-02
  -5.0957969e-01  -5.8787819e-03
  -5.5228818e-01   5.0035975e-02
  -5.2786419e-01  -8.7552556e-03
  -5.7678131e-01  -3.3536261e-02
  -5.5969991e-01   6.6532453e-03
  -5.7779522e-01  -5.2662634e-02
  -5.3301562e-01  -8.4974838e-02
  -5.5543403e-01  -1.1314750e-01
  -5.4252825e-01  -4.2322257e-02
  -6.1001316e-01  -8.3413193e-02
  -5.9429917e-01  -8.2146190e-02
  -5.4825622e-01  -9.0334894e-02
  -5.9836721e-01  -1.2988606e-01
  -6.1347025e-01  -1.2321039e-01
  -5.7357145e-01  -2.0000642e-01
  -5.2395969e-01  -1.5668689e-01
  -5.8308670e-01  -1.6855263e-01
  -5.5019672e-01  -2.4115355e-01
  -5.6490083e-01  -2.7697408e-01
  -5.9042079e-01  -2.2691742e-01
  -5.4033690e-01  -3.0471362e-01
  -5.0336351e-01  -2.5884663e-01
  -5.4908095e-01  -2.9874919e-01
  -5.6122611e-01  -2.9329630e-01
  -5.3434459e-01  -3.5127591e-01
  -4.8706087e-01  -3.3040888e-01
  -5.0864986e-01  -3.3333820e-01
  -4.6820271e-01  -4.0307691e-01
  -5.1815325e-01  -3.7229453e-01
  -4.4187993e-01  -3.4484657e-01
  -4.6119595e-01  -4.2753249e-01
  -4.8294148e-01  -4.0733285e-01
  -4.3634202e-01  -3.9703965e-01
  -3.9514573e-01  -4.4039722e-01
  -3.6337780e-01  -3.8830684e-01
  -3.4450948e-01  -4.2053543e-01
  -3.3120348e-01  -4.7376803e-01
  -3.2564426e-01  -4.4872097e-01
  -3.1454426e-01  -4.2530269e-01
  -3.0636107e-01  -4.6142703e-01
  -3.1480546e-01  -4.4897293e-01
  -3.1281163e-01  -4.4076697e-01
  -3.2511008e-01  -4.5017394e-01
  -2.6100889e-01  -5.2020538e-01
  -2.2636977e-01  -5.1804964e-01
  -2.6593378e-01  -5.2401443e-01
  -1.9793475e-01  -5.3766860e-01
  -2.5408835e-01  -5.4094333e-01
  -2.0993849e-01  -4.8709965e-01
  -2.0472570e-01  -4.8611954e-01
  -1.9994805e-01  -4.5685696e-01
  -1.3998961e-01  -4.7305639e-01
  -1.5384817e-01  -5.1162912e-01
  -7.8701101e-02  -4.9125642e-01
  -1.0631029e-01  -5.1045570e-01
  -6.8876185e-02  -4.6278534e-01
  -1.2146268e-01  -5.1601350e-01
  -5.1540493e-02  -4.5276213e-01
  -3.9649743e-02  -4.4154756e-01
  -3.8042325e-03  -4.4169303e-01
  -3.8750478e-03  -4.7323572e-01
   3.0742674e-02  -4.4324478e-01
   4.6541642e-02  -4.4644235e-01
  -1.0020508e-02  -4.7388509e-01
   6.6404037e-03  -3.9629432e-01
   7.4874789e-02  -4.0047334e-01
   1.9099765e-02  -4.2982582e-01
   6.1509806e-02  -3.5440818e-01
   6.4520016e-02  -4.1697663e-01
   1.1586584e-01  -3.9517727e-01
   6.7738772e-02  -3.7340723e-01
   1.4182075e-01  -3.7783401e-01
   1.5045149e-01  -3.6946894e-01
   1.3620828e-01  -3.0938963e-01
   1.1878236e-01  -3.4528183e-01
   1.0982523e-01  -3.0020246e-01
   1.6893317e-01  -3.0766173e-01
   1.1992632e-01  -2.7828464e-01
   1.2977132e-01  -2.2111298e-01
   1.4185676e-01  -2.7273586e-01
   1.7694483e-01  -2.7812756e-01
   2.0220651e-01  -1.7905944e-01
   2.2334159e-01  -1.8516807e-01
   1.9349248e-01  -1.8540703e-01
   1.5447549e-01  -1.6949659e-01
   1.8135164e-01  -1.9315046e-01
   2.1345135e-01  -9.4540224e-02
   2.2790036e-01  -1.3842256e-01
   1.8199099e-01  -9.8141726e-02
   5.8878287e-01  -9.5223750e-02
   6.1706215e-01  -1.0013779e-01
   5.9349541e-01  -1.9221087e-02
   5.8401227e-01   8.1663927e-03
   5.5963802e-01   1.4324108e-02
   5.6069277e-01   2.5918862e-02
   5.8859478e-01   1.3007060e-01
   5.3777817e-01   8.5955842e-02
   5.3883816e-01   1.4024218e-01
   5.1880278e-01   2.1262315e-01
   5.3544851e-01   2.5865299e-01
   5.1155547e-01   2.5066847e-01
   5.0477504e-01   2.9586120e-01
   4.7414572e-01   3.1793659e-01
   4.4878707e-01   3.3691032e-01
   4.3837295e-01   3.6360009e-01
   3.8136810e-01   4.1380249e-01
   3.9367666e-01   4.0015792e-01
   4.2492249e-01   4.1055498e-01
   3.8580332e-01   4.5813302e-01
   3.5852824e-01   4.5812318e-01
   3.3863580e-01   4.4996429e-01
   3.1369072e-01   4.9799034e-01
   2.9689487e-01   5.2662283e-01
   2.6450742e-01   5.2996473e-01
   2.5764442e-01   5.4675233e-01
   1.5003676e-01   5.9503918e-01
   1.4903133e-01   5.8807453e-01
   1.2991219e-01   5.9833754e-01
   7.9583787e-02   5.7305414e-01
   2.9988898e-02   5.9909366e-01
   8.7784321e-02   6.2717753e-01
   3.4910950e-02   6.5348982e-01
  -4.9036561e-02   6.6753800e-01
  -7.9435252e-02   7.0007399e-01
  -5.8226986e-02   6.9941700e-01
  -1.1914941e-01   6.2499387e-01
  -1.7840555e-01   7.0764384e-01
  -1.7827574e-01   6.3532835e-01
  -2.3421503e-01   7.1050749e-01
  -2.0417086e-01   6.7454171e-01
  -2.2286859e-01   6.3888865e-01
  -3.3978622e-01   6.1938773e-01
  -3.1036080e-01   6.3584918e-01
  -3.3811153e-01   6.7749420e-01
  -4.0778249e-01   6.0158171e-01
  -3.8273710e-01   6.1888065e-01
  -4.6329198e-01   5.8844713e-01
  -5.1718188e-01   5.7997942e-01
  -5.3957547e-01   5.5898820e-01
  -5.0208466e-01   6.0532503e-01
  -5.3765385e-01   5.3376399e-01
  -5.5788165e-01   5.6772060e-01
  -5.9901298e-01   5.1004307e-01
  -6.0587562e-01   5.3699534e-01
  -7.0431535e-01   5.0428346e-01
  -6.9397615e-01   4.6487002e-01
  -7.3180802e-01   4.9524861e-01
  -7.3278977e-01   4.7276418e-01
  -7.1720057e-01   4.6168091e-01
  -7.9376616e-01   3.5133374e-01
  -7.8391347e-01   3.8700402e-01
  -8.5603390e-01   3.0343804e-01
  -8.6184086e-01   2.8726298e-01
  -8.1546366e-01   2.6121259e-01
  -8.9064748e-01   2.5870020e-01
  -8.4620935e-01   2.1949338e-01
  -9.0549936e-01   2.0150033e-01
  -8.8691740e-01   1.6409385e-01
  -9.5575508e-01   1.4798483e-01
  -9.0239587e-01   1.2182043e-01
  -9.3316327e-01   1.1249640e-01
  -8.9958620e-01   9.6180470e-02
  -9.6691208e-01   1.7696948e-02
  -9.6413219e-01   4.0547928e-02
  -9.9265638e-01   1.6857504e-04
  -9.1629695e-01  -2.2748342e-02
  -9.6743170e-01  -1.1363955e-01
  -1.0001686e+00  -1.5551718e-01
  -9.4046815e-01  -1.3581456e-01
  -9.5787875e-01  -1.5827074e-01
  -9.7115143e-01  -2.4399869e-01
  -9.2697764e-01  -2.7614274e-01
  -9.1349354e-01  -2.5989609e-01
  -9.6065413e-01  -2.7015561e-01
  -9.2630845e-01  -2.9984214e-01
  -9.2613035e-01  -3.9687003e-01
  -9.4136003e-01  -3.6629712e-01
  -8.8841272e-01  -3.7894347e-01
  -8.4417253e-01  -4.4918053e-01
  -9.0737480e-01  -5.1235863e-01
  -8.1855894e-01  -5.2357734e-01
  -8.3491301e-01  -5.0439428e-01
  -8.2915386e-01  -5.9452738e-01
  -8.3650838e-01  -5.8388276e-01
  -8.0843173e-01  -5.9745846e-01
  -7.6965845e-01  -5.8252391e-01
  -7.4060537e-01  -6.7456770e-01
  -7.3518393e-01  -7.0504691e-01
  -6.7339119e-01  -6.7670761e-01
  -6.3961484e-01  -7.4678911e-01
  -6.2889196e-01  -6.8443500e-01
  -6.3418185e-01  -7.7092378e-01
  -5.8987864e-01  -7.5466909e-01
  -5.5987864e-01  -7.5110614e-01
  -5.8049088e-01  -7.6479757e-01
  -5.1842184e-01  -8.1036528e-01
  -5.0741429e-01  -7.9779848e-01
  -4.5369128e-01  -7.9500611e-01
  -3.9050901e-01  -8.0673424e-01
  -4.0897812e-01  -8.7987304e-01
  -4.1566933e-01  -8.5694811e-01
  -3.0201470e-01  -8.4167517e-01
  -2.7192807e-01  -9.0222644e-01
  -2.9395698e-01  -8.5522130e-01
  -2.7225279e-01  -8.8363930e-01
  -1.9227140e-01  -8.7555131e-01
  -1.8687901e-01  -9.0627456e-01
  -1.5112798e-01  -9.2208002e-01
  -1.0878695e-01  -9.0044519e-01
  -1.3304310e-01  -8.3982362e-01
  -2.9723361e-02  -8.7712715e-01
   7.3510811e-03  -8.9035560e-01
  -4.1119155e-02  -8.3773797e-01
   5.8595564e-02  -8.2897993e-01
   9.4157463e-02  -8.8975538e-01
   3.9856033e-02  -7.9957944e-01
   1.1636073e-01  -7.9575722e-01
   1.5649682e-01  -8.2728526e-01
   1.5964356e-01  -7.8149077e-01
   2.1147785e-01  -8.0137154e-01
   2.4868417e-01  -7.2652580e-01
   2.5725151e-01  -7.6988770e-01
   2.8776980e-01  -7.6244944e-01
   2.7940307e-01  -6.8986732e-01
   3.5543364e-01  -6.9488441e-01
   3.3995670e-01  -6.5761990e-01
   3.8111386e-01  -6.0672267e-01
   4.2110935e-01  -6.4491064e-01
   3.8898644e-01  -6.4346935e-01
   4.2047789e-01  -5.5269034e-01
   4.5310934e-01  -5.6733056e-01
   4.6017510e-01  -5.2116878e-01
   4.4357836e-01  -5.3216412e-01
   5.1966131e-01  -5.1504644e-01
   4.6756439e-01  -4.8029788e-01
   5.1753703e-01  -3.8950343e-01
   4.9289888e-01  -4.0979270e-01
   5.9095944e-01  -3.7297518e-01
   5.5831974e-01  -3.1863624e-01
   6.0272584e-01  -2.7326660e-01
   5.6091181e-01  -2.4784608e-01
   6.1350445e-01  -2.5389259e-01
   5.5966674e-01  -2.4039120e-01
   6.2402882e-01  -1.6708308e-01
   6.2494839e-01  -1.9597368e-01
   5.7981957e-01  -1.3898761e-01
